Data File :./data/human
Query file:./data/human_40n
LIMIT: 100000
0 60007.6 60010.7 52809309 0 1
1 7.76033 10.1606 4140 100000 0
2 0.576266 1.3342 83 100008 0
3 6.80698 11.4195 3296 100008 0
4 5.48191 8.47505 4324 100000 0
5 1.07326 12.8168 316 100080 0
6 0.268363 9.99366 37 2.46024e+06 0
7 0.609378 1.46555 93 100080 0
8 8.86393 11.3772 514 100002 0
9 3.42557 10.6321 128 100005 0
10 3.06333 4.73123 709 100002 0
11 0.31573 19.867 33 5.83507e+11 0
12 4.80286 11.1805 205 100002 0
13 1.04658 8.02842 62 100096 0
14 1.71815 2.61928 143 100006 0
15 0.379139 1.31441 176 100188 0
16 174.545 175.407 319542 100000 0
17 60006.2 60011 19826506 0 1
18 6.91285 10.0893 2382 100000 0
19 7.22146 12.3134 1852 100000 0
20 6.08887 7.38522 1179 100000 0
21 0.055671 1.41168 36 156978 0
22 0.393152 1.62211 41 100198 0
23 61.7693 64.339 12979 100000 0
24 60007.4 60009.7 239692812 0 1
25 6.40362 12.1733 733 100000 0
26 7.23933 15.9689 1559 100000 0
27 8.46375 22.039 1774 100000 0
28 60004.1 60010.3 14777946 0 1
29 7.00144 13.1315 1480 100000 0
30 60004.7 60009.5 38087236 0 1
31 19.7647 33.2331 10250 100000 0
32 60007.5 60009.3 65693068 0 1
33 0.389527 2.75042 48 100100 0
34 13.5362 24.8265 771 100000 0
35 60007.1 60009.4 104054480 0 1
36 59999.2 60010 27643627 0 1
37 6.77339 11.1019 1125 100000 0
38 6.23038 7.17008 1964 100000 0
39 6.58659 19.2231 789 100000 0
40 11.2104 15.0056 14505 100000 0
41 6.83556 8.27518 2457 100000 0
42 6.668 7.58318 1793 100000 0
43 1.04303 7.06179 51 100062 0
44 7.77383 10.909 3327 100000 0
45 141.434 147.046 13998 100002 0
46 12.5135 15.4532 900 100000 0
47 8189 8190.23 1666720 100008 0
48 0.96768 2.48781 58 100020 0
49 0.050733 3.13284 37 494832 0
50 8.20375 11.2247 2429 100000 0
51 1.90465 2.96359 72 100002 0
52 4.04341 7.71622 1368 100053 0
53 7.61768 9.37708 5984 100000 0
54 59999.8 60010.6 41798685 0 1
55 59993.5 60009.3 27207227 0 1
56 3.81516 7.93143 161 100000 0
57 2.62299 3.92099 5743 101898 0
58 60002.3 60010.7 71768320 0 1
59 10.0876 13.6012 14155 100000 0
60 13.711 16.0315 34947 100044 0
61 3.30485 4.50851 905 100004 0
62 8.29766 9.8989 2247 100000 0
63 8.00917 10.4527 3517 100000 0
64 60007.4 60009.5 100774151 0 1
65 1.62237 2.2005 3507 100020 0
66 6.90868 12.0447 2214 100000 0
67 3.42273 29.1703 1268 100010 0
68 60008.5 60011.4 34973773 0 1
69 26.7856 27.8166 53493 100000 0
70 2.83128 3.03789 465 100000 0
71 9.23414 13.0133 9062 100000 0
72 0.30171 0.46423 655 864 0
73 60006.5 60009.7 1986100 0 1
74 8.59662 12.0853 7148 100000 0
75 4.56603 4.95434 178 100000 0
76 59997.2 60009.5 55833819 0 1
77 14.134 17.1063 21580 100002 0
78 15.926 17.0029 40627 100000 0
79 13.2819 20.3104 16328 100000 0
80 17.9829 19.7948 5796 100000 0
81 14.9028 16.3148 2038 100000 0
82 1.05278 6.07901 104 100007 0
83 6.70895 14.923 1523 100000 0
84 8.06684 12.8664 1640 100000 0
85 0.319968 5.7765 35 103824 0
86 0.9509 8.52312 115 100100 0
87 7.65108 13.3655 1454 100000 0
88 2.11404 2.3205 818 100032 0
89 10.0729 17.4351 25248 100000 0
90 22.4984 31.2285 29385 100004 0
91 60007.4 60009.5 242508362 0 1
92 6.07701 13.8549 324 100000 0
93 60009.3 60011.2 23506204 0 1
94 0.731895 1.45049 59 100044 0
95 72.0986 89.002 101574 100000 0
96 83.3035 86.4646 49455 100000 0
97 60001.9 60009.1 22351515 0 1
98 20.7251 21.5095 8320 100000 0
99 0.572646 1.95544 83 100240 0
Average Search Time Per Query => 112.4161 ms!
Average Total Time Per Query => 116.9083 ms!
Average Recursive Call Count => 30885.7683
Total Number of Found Matches=> 583,517,324,065
#End Queries=> 82
