Data File :./data/human
Query file:./data/human_40n
LIMIT: 100000
0 0.002979 1.18112 0 0 0
1 0.001815 0.947878 0 0 0
2 0.001242 0.331557 0 0 0
3 0.000936 1.36592 0 0 0
4 0.000695 0.636489 0 0 0
5 1.00608 13.2296 39 100080 0
6 60001.5 60010.5 93477812 0 1
7 0.00211 0.215082 0 0 0
8 0.000607 0.526461 0 0 0
9 0.000687 1.08507 0 0 0
10 0.000763 0.38187 0 0 0
11 2987.53 3007.75 821989 5.83507e+11 0
12 5.13254 13.0192 173 100002 0
13 0.001846 0.439997 0 0 0
14 0.000642 0.135566 0 0 0
15 0.000876 0.121649 0 0 0
16 110.078 111.194 301296 100000 0
17 8.07802 12.4884 4102 100000 0
18 0.001946 0.952234 0 0 0
19 0.000474 0.175451 0 0 0
20 0.000618 0.331265 0 0 0
21 0.000496 0.23153 0 0 0
22 0.000553 0.160383 0 0 0
23 0.00041 0.467971 0 0 0
24 0.00052 0.15766 0 0 0
25 0.0004 0.337699 0 0 0
26 7.34464 16.6359 3120 100000 0
27 0.001949 0.181816 0 0 0
28 60004.2 60010.4 20209058 0 1
29 0.003947 1.30884 0 0 0
30 0.000492 0.164585 0 0 0
31 0.004047 3.77378 0 0 0
32 0.001206 0.509853 0 0 0
33 0.000526 0.494131 0 0 0
34 1.46844 12.9796 68 100010 0
35 3.63181 5.24596 4766 100009 0
36 0.001358 0.26855 0 0 0
37 8.94681 13.219 2874 100000 0
38 0.00191 0.167921 0 0 0
39 0.001329 1.72968 0 0 0
40 6.63247 10.1662 1060 100000 0
41 0.000794 0.140786 0 0 0
42 0.00048 0.270116 0 0 0
43 0.000391 0.208178 0 0 0
44 0.000464 0.201276 0 0 0
45 0.000346 0.222474 0 0 0
46 0.000356 0.645694 0 0 0
47 0.000345 0.065185 0 0 0
48 0.000364 0.233006 0 0 0
49 0.000349 0.089284 0 0 0
50 0.000401 0.552244 0 0 0
51 0.00035 0.212362 0 0 0
52 0.000373 0.097268 0 0 0
53 0.000345 0.214709 0 0 0
54 60000.2 60009.6 28939579 0 1
55 15.123 29.3564 62783 100000 0
56 0.003434 0.520264 0 0 0
57 0.000371 0.072474 0 0 0
58 517.333 524.681 265089 100000 0
59 0.002175 0.105637 0 0 0
60 0.000683 0.409993 0 0 0
61 0.000476 0.23433 0 0 0
62 0.000478 0.14947 0 0 0
63 0.00041 0.245638 0 0 0
64 0.136284 2.59907 42 143520 0
65 0.000709 0.103208 0 0 0
66 7.59573 11.8429 4191 100000 0
67 4.92239 29.4128 2577 100002 0
68 0.002361 0.559253 0 0 0
69 0.000495 0.230817 0 0 0
70 0.000375 0.05862 0 0 0
71 6.46235 9.36446 1019 100000 0
72 0.001573 0.170004 0 0 0
73 0.000678 0.46043 0 0 0
74 7.57948 10.7151 4847 100000 0
75 0.001546 0.275841 0 0 0
76 3.4424 16.1486 272 100000 0
77 0.002812 0.622271 0 0 0
78 0.000667 0.100491 0 0 0
79 60002.8 60009.6 23870063 0 1
80 0.003401 0.6405 0 0 0
81 0.00042 0.093031 0 0 0
82 0.000438 0.159467 0 0 0
83 0.000423 0.125007 0 0 0
84 0.001326 1.18704 0 0 0
85 0.000461 0.960519 0 0 0
86 0.001306 2.04981 0 0 0
87 9.67914 16.2475 2947 100000 0
88 0.002722 0.269658 0 0 0
89 0.000586 0.309782 0 0 0
90 0.000637 1.57755 0 0 0
91 0.000435 0.392084 0 0 0
92 0.00108 1.63201 0 0 0
93 0.000658 0.121067 0 0 0
94 0.000807 0.11405 0 0 0
95 0.000515 0.584907 0 0 0
96 0.000534 0.202954 0 0 0
97 0.000438 0.096086 0 0 0
98 22.826 23.5859 29796 100000 0
99 0.002711 0.256761 0 0 0
Average Search Time Per Query => 38.9066 ms!
Average Total Time Per Query => 40.9053 ms!
Average Recursive Call Count => 15760.9375
Total Number of Found Matches=> 583,508,447,623
#End Queries=> 96
